1856 1856 11360
1 1  1.0000000000000e+00
65 1  5.8950400000000e-08
2 2  1.0000000000000e+00
66 2  2.3145400000000e-08
3 3  1.0000000000000e+00
67 3  3.9748000000000e-10
4 4  1.0000000000000e+00
68 4  1.0776800000000e-11
5 5  1.0000000000000e+00
69 5  3.1032600000000e-08
6 6  1.0000000000000e+00
70 6  8.4035800000000e-09
7 7  1.0000000000000e+00
71 7  2.7407400000000e-08
8 8  1.0000000000000e+00
72 8  6.4383400000000e-08
9 9  1.0000000000000e+00
73 9  3.1179100000000e-08
10 10  1.0000000000000e+00
74 10  2.2726600000000e-14
11 11  1.0000000000000e+00
75 11  1.3922300000000e-08
12 12  1.0000000000000e+00
76 12  1.6163500000000e-08
13 13  1.0000000000000e+00
77 13  2.2161200000000e-08
14 14  1.0000000000000e+00
78 14  4.6886000000000e-12
15 15  1.0000000000000e+00
79 15  2.6528200000000e-11
16 16  1.0000000000000e+00
80 16  3.1054200000000e-08
17 17  1.0000000000000e+00
81 17  1.6633000000000e-08
18 18  1.0000000000000e+00
82 18  1.2403700000000e-16
19 19  1.0000000000000e+00
83 19  2.7665500000000e-08
20 20  1.0000000000000e+00
84 20  1.1825400000000e-08
21 21  1.0000000000000e+00
85 21  3.9382400000000e-08
22 22  1.0000000000000e+00
86 22  6.2919100000000e-09
23 23  1.0000000000000e+00
87 23  4.5039600000000e-08
24 24  1.0000000000000e+00
88 24  1.4308000000000e-10
25 25  1.0000000000000e+00
89 25  7.7998300000000e-11
26 26  1.0000000000000e+00
90 26  1.1091500000000e-13
27 27  1.0000000000000e+00
91 27  2.8316100000000e-15
28 28  1.0000000000000e+00
92 28  1.9342600000000e-09
29 29  1.0000000000000e+00
93 29  3.0071100000000e-08
30 30  1.0000000000000e+00
94 30  1.7401900000000e-11
31 31  1.0000000000000e+00
95 31  1.1706500000000e-10
32 32  1.0000000000000e+00
96 32  3.1043700000000e-13
33 33  1.0000000000000e+00
97 33  4.2253100000000e-08
34 34  1.0000000000000e+00
98 34  2.8297000000000e-08
35 35  1.0000000000000e+00
99 35  4.8022200000000e-10
36 36  1.0000000000000e+00
100 36  1.6111500000000e-08
37 37  1.0000000000000e+00
101 37  1.7877200000000e-08
38 38  1.0000000000000e+00
102 38  1.3540400000000e-10
39 39  1.0000000000000e+00
103 39  2.4817800000000e-08
40 40  1.0000000000000e+00
104 40  4.4166300000000e-08
41 41  1.0000000000000e+00
105 41  1.8465900000000e-08
42 42  1.0000000000000e+00
106 42  5.3154500000000e-08
43 43  1.0000000000000e+00
107 43  1.6964600000000e-08
44 44  1.0000000000000e+00
108 44  5.3673400000000e-08
45 45  1.0000000000000e+00
109 45  4.8160300000000e-08
46 46  1.0000000000000e+00
110 46  3.6772600000000e-10
47 47  1.0000000000000e+00
111 47  2.3460100000000e-10
48 48  1.0000000000000e+00
112 48  7.9952300000000e-08
49 49  1.0000000000000e+00
113 49  1.2183800000000e-07
50 50  1.0000000000000e+00
114 50  1.0771400000000e-10
51 51  1.0000000000000e+00
115 51  8.6267300000000e-10
52 52  1.0000000000000e+00
116 52  1.9574700000000e-13
53 53  1.0000000000000e+00
117 53  3.3850000000000e-08
54 54  1.0000000000000e+00
118 54  2.9930200000000e-08
55 55  1.0000000000000e+00
119 55  2.3459000000000e-08
56 56  1.0000000000000e+00
120 56  2.1287600000000e-08
57 57  1.0000000000000e+00
121 57  2.6673600000000e-08
58 58  1.0000000000000e+00
122 58  3.5946700000000e-08
59 59  1.0000000000000e+00
123 59  1.6082300000000e-08
60 60  1.0000000000000e+00
124 60  1.1292800000000e-08
61 61  1.0000000000000e+00
125 61  1.4986400000000e-08
62 62  1.0000000000000e+00
126 62  1.7261000000000e-07
63 63  1.0000000000000e+00
127 63  1.7394800000000e-08
64 64  1.0000000000000e+00
128 64  4.8306600000000e-08
65 65 -1.3245300000000e-07
66 65  4.4845900000000e-08
73 65  2.4054000000000e-08
129 65  4.6023700000000e-09
65 66  4.4845900000000e-08
66 66 -1.3930700000000e-07
67 66  2.6517200000000e-08
74 66  1.7234500000000e-09
130 66  4.3074900000000e-08
66 67  2.6517200000000e-08
67 67 -1.0028100000000e-07
68 67  3.1197600000000e-08
75 67  3.9732700000000e-08
131 67  2.4361900000000e-09
67 68  3.1197600000000e-08
68 68 -6.7737800000000e-08
69 68  5.9103100000000e-09
76 68  2.4900300000000e-16
132 68  3.0619000000000e-08
68 69  5.9103100000000e-09
69 69 -8.2424100000000e-08
70 69  2.5349300000000e-08
77 69  5.4562500000000e-13
133 69  2.0131300000000e-08
69 70  2.5349300000000e-08
70 70 -1.4647500000000e-07
71 70  6.3392000000000e-08
78 70  3.1402900000000e-08
134 70  1.7927400000000e-08
70 71  6.3392000000000e-08
71 71 -3.5113900000000e-07
72 71  4.1040200000000e-08
79 71  2.1610900000000e-07
135 71  3.1903700000000e-09
71 72  4.1040200000000e-08
72 72 -1.0546200000000e-07
80 72  3.7986500000000e-11
136 72  8.6257200000000e-13
65 73  2.4054000000000e-08
73 73 -2.5517200000000e-07
74 73  2.8526400000000e-08
81 73  1.3870700000000e-07
137 73  3.2705600000000e-08
66 74  1.7234500000000e-09
73 74  2.8526400000000e-08
74 74 -1.6057800000000e-07
75 74  2.8770100000000e-08
82 74  5.3863000000000e-08
138 74  4.7695300000000e-08
67 75  3.9732700000000e-08
74 75  2.8770100000000e-08
75 75 -2.1792700000000e-07
76 75  7.8248700000000e-08
83 75  3.1109800000000e-08
139 75  2.6143100000000e-08
68 76  2.4900300000000e-16
75 76  7.8248700000000e-08
76 76 -1.5261700000000e-07
77 76  3.7805700000000e-08
84 76  1.6737800000000e-09
140 76  1.8725800000000e-08
69 77  5.4562500000000e-13
76 77  3.7805700000000e-08
77 77 -3.3334200000000e-07
78 77  1.9930100000000e-07
85 77  5.3816300000000e-08
141 77  2.0258100000000e-08
70 78  3.1402900000000e-08
77 78  1.9930100000000e-07
78 78 -2.9070300000000e-07
79 78  2.5061600000000e-09
86 78  4.5437800000000e-08
142 78  1.2051000000000e-08
71 79  2.1610900000000e-07
78 79  2.5061600000000e-09
79 79 -3.0548900000000e-07
80 79  3.7205200000000e-08
87 79  3.0874300000000e-08
143 79  1.8767700000000e-08
72 80  3.7986500000000e-11
79 80  3.7205200000000e-08
80 80 -1.2395200000000e-07
88 80  4.4977800000000e-08
144 80  1.0676800000000e-08
73 81  1.3870700000000e-07
81 81 -1.9682900000000e-07
82 81  1.4630400000000e-08
89 81  5.9636100000000e-11
145 81  2.6799600000000e-08
74 82  5.3863000000000e-08
81 82  1.4630400000000e-08
82 82 -7.9376900000000e-08
83 82  3.8612700000000e-09
90 82  7.0217300000000e-09
146 82  4.9675400000000e-13
75 83  3.1109800000000e-08
82 83  3.8612700000000e-09
83 83 -1.5145200000000e-07
84 83  2.6732800000000e-08
91 83  3.0551400000000e-08
147 83  3.1531400000000e-08
76 84  1.6737800000000e-09
83 84  2.6732800000000e-08
84 84 -9.5141400000000e-08
85 84  1.5853000000000e-08
92 84  1.6338900000000e-08
148 84  2.2717400000000e-08
77 85  5.3816300000000e-08
84 85  1.5853000000000e-08
85 85 -2.1738000000000e-07
86 85  2.6021500000000e-08
93 85  3.1243500000000e-08
149 85  5.1063600000000e-08
78 86  4.5437800000000e-08
85 86  2.6021500000000e-08
86 86 -1.4596000000000e-07
87 86  9.2865700000000e-09
94 86  2.9887700000000e-08
150 86  2.9034600000000e-08
79 87  3.0874300000000e-08
86 87  9.2865700000000e-09
87 87 -1.2926700000000e-07
88 87  8.1260900000000e-11
95 87  2.2810300000000e-08
151 87  2.1174800000000e-08
80 88  4.4977800000000e-08
87 88  8.1260900000000e-11
88 88 -8.0620200000000e-08
96 88  5.1937700000000e-09
152 88  3.0224300000000e-08
81 89  5.9636100000000e-11
89 89 -4.8911600000000e-08
90 89  3.3142400000000e-08
97 89  1.1016600000000e-08
153 89  4.6148600000000e-09
82 90  7.0217300000000e-09
89 90  3.3142400000000e-08
90 90 -2.2628300000000e-07
91 90  1.6439100000000e-07
98 90  1.1536200000000e-08
154 90  1.0190700000000e-08
83 91  3.0551400000000e-08
90 91  1.6439100000000e-07
91 91 -2.6818700000000e-07
92 91  2.7014100000000e-08
99 91  3.0656100000000e-09
155 91  4.3164400000000e-08
84 92  1.6338900000000e-08
91 92  2.7014100000000e-08
92 92 -1.9165000000000e-07
93 92  2.8040000000000e-08
100 92  8.9070900000000e-08
156 92  2.9252300000000e-08
85 93  3.1243500000000e-08
92 93  2.8040000000000e-08
93 93 -1.2835500000000e-07
94 93  1.0946800000000e-08
101 93  1.2665900000000e-12
157 93  2.8052800000000e-08
86 94  2.9887700000000e-08
93 94  1.0946800000000e-08
94 94 -1.0795800000000e-07
95 94  3.7964100000000e-08
102 94  6.8257400000000e-09
158 94  2.2316500000000e-08
87 95  2.2810300000000e-08
94 95  3.7964100000000e-08
95 95 -1.0597900000000e-07
96 95  4.2741600000000e-08
103 95  2.2726400000000e-09
159 95  7.3610400000000e-11
88 96  5.1937700000000e-09
95 96  4.2741600000000e-08
96 96 -9.0780600000000e-08
104 96  1.1635800000000e-08
160 96  3.1209000000000e-08
89 97  1.1016600000000e-08
97 97 -1.0829000000000e-07
98 97  4.2653000000000e-08
105 97  7.9413000000000e-09
161 97  4.4262600000000e-09
90 98  1.1536200000000e-08
97 98  4.2653000000000e-08
98 98 -1.5669200000000e-07
99 98  4.2658700000000e-08
106 98  2.7492100000000e-08
162 98  4.0552100000000e-09
91 99  3.0656100000000e-09
98 99  4.2658700000000e-08
99 99 -1.2911700000000e-07
100 99  2.7475100000000e-08
107 99  2.7594400000000e-08
163 99  2.7843100000000e-08
92 100  8.9070900000000e-08
99 100  2.7475100000000e-08
100 100 -3.4959600000000e-07
101 100  1.3186900000000e-07
108 100  6.0921400000000e-08
164 100  2.4147700000000e-08
93 101  1.2665900000000e-12
100 101  1.3186900000000e-07
101 101 -2.4170300000000e-07
102 101  3.2274000000000e-08
109 101  3.0924800000000e-08
165 101  2.8756900000000e-08
94 102  6.8257400000000e-09
101 102  3.2274000000000e-08
102 102 -1.1995500000000e-07
103 102  1.4075000000000e-08
110 102  3.7784100000000e-08
166 102  2.8860800000000e-08
95 103  2.2726400000000e-09
102 103  1.4075000000000e-08
103 103 -1.1952800000000e-07
104 103  1.2426600000000e-08
111 103  5.6121600000000e-08
167 103  9.8139200000000e-09
96 104  1.1635800000000e-08
103 104  1.2426600000000e-08
104 104 -1.2366400000000e-07
112 104  5.2636100000000e-08
168 104  2.7990300000000e-09
97 105  7.9413000000000e-09
105 105 -6.3434100000000e-08
106 105  1.0075800000000e-08
113 105  7.8972700000000e-09
169 105  1.9053800000000e-08
98 106  2.7492100000000e-08
105 106  1.0075800000000e-08
106 106 -1.4528900000000e-07
107 106  1.0967900000000e-08
114 106  2.0432200000000e-08
170 106  2.3166800000000e-08
99 107  2.7594400000000e-08
106 107  1.0967900000000e-08
107 107 -1.0372700000000e-07
108 107  1.9385000000000e-08
115 107  1.5598700000000e-09
171 107  2.7254800000000e-08
100 108  6.0921400000000e-08
107 108  1.9385000000000e-08
108 108 -1.8626900000000e-07
109 108  8.1484600000000e-09
116 108  3.0868400000000e-08
172 108  1.3272600000000e-08
101 109  3.0924800000000e-08
108 109  8.1484600000000e-09
109 109 -1.4812500000000e-07
110 109  3.4448700000000e-09
117 109  2.7183600000000e-08
173 109  3.0263300000000e-08
102 110  3.7784100000000e-08
109 110  3.4448700000000e-09
110 110 -8.4328300000000e-08
111 110  1.0890200000000e-08
118 110  3.1704400000000e-08
174 110  1.3697100000000e-10
103 111  5.6121600000000e-08
110 111  1.0890200000000e-08
111 111 -1.1613700000000e-07
112 111  9.1305700000000e-10
119 111  1.6361100000000e-08
175 111  3.1616300000000e-08
104 112  5.2636100000000e-08
111 112  9.1305700000000e-10
112 112 -3.0706300000000e-07
120 112  2.3898900000000e-08
176 112  1.4966300000000e-07
105 113  7.8972700000000e-09
113 113 -2.1374700000000e-07
114 113  2.5601400000000e-08
121 113  5.0196200000000e-09
177 113  5.3390000000000e-08
106 114  2.0432200000000e-08
113 114  2.5601400000000e-08
114 114 -2.1741600000000e-07
115 114  1.4388200000000e-07
122 114  2.2508300000000e-08
178 114  4.8847500000000e-09
107 115  1.5598700000000e-09
114 115  1.4388200000000e-07
115 115 -1.9567700000000e-07
116 115  2.6680300000000e-08
123 115  1.7081600000000e-14
179 115  2.2692200000000e-08
108 116  3.0868400000000e-08
115 116  2.6680300000000e-08
116 116 -1.4790800000000e-07
117 116  3.1866700000000e-08
124 116  2.4129700000000e-08
180 116  3.4362700000000e-08
109 117  2.7183600000000e-08
116 117  3.1866700000000e-08
117 117 -1.6141200000000e-07
118 117  1.8882200000000e-08
125 117  2.4878800000000e-08
181 117  2.4751200000000e-08
110 118  3.1704400000000e-08
117 118  1.8882200000000e-08
118 118 -1.8386900000000e-07
119 118  4.7742800000000e-08
126 118  2.7971300000000e-08
182 118  2.7638600000000e-08
111 119  1.6361100000000e-08
118 119  4.7742800000000e-08
119 119 -1.2632600000000e-07
120 119  1.5408700000000e-08
127 119  2.3230500000000e-08
183 119  1.2415100000000e-10
112 120  2.3898900000000e-08
119 120  1.5408700000000e-08
120 120 -9.1443800000000e-08
128 120  1.6185400000000e-08
184 120  1.4663300000000e-08
113 121  5.0196200000000e-09
121 121 -6.0387300000000e-08
122 121  3.0225000000000e-10
185 121  2.8391700000000e-08
114 122  2.2508300000000e-08
121 122  3.0225000000000e-10
122 122 -9.6385600000000e-08
123 122  2.5615900000000e-09
186 122  3.5066800000000e-08
115 123  1.7081600000000e-14
122 123  2.5615900000000e-09
123 123 -4.6639300000000e-08
124 123  1.1255100000000e-08
187 123  1.6740300000000e-08
116 124  2.4129700000000e-08
123 124  1.1255100000000e-08
124 124 -1.0068800000000e-07
125 124  2.7962500000000e-08
188 124  2.6048000000000e-08
117 125  2.4878800000000e-08
124 125  2.7962500000000e-08
125 125 -1.2211300000000e-07
126 125  3.6935800000000e-08
189 125  1.7349000000000e-08
118 126  2.7971300000000e-08
125 126  3.6935800000000e-08
126 126 -2.7576800000000e-07
127 126  3.8249200000000e-08
190 126  1.4148500000000e-12
119 127  2.3230500000000e-08
126 127  3.8249200000000e-08
127 127 -1.4083600000000e-07
128 127  1.5922600000000e-08
191 127  4.6039000000000e-08
120 128  1.6185400000000e-08
127 128  1.5922600000000e-08
128 128 -9.8088600000000e-08
192 128  1.7674000000000e-08
65 129  4.6023700000000e-09
129 129 -2.8416300000000e-08
130 129  1.2873900000000e-08
137 129  1.0600400000000e-10
193 129  1.0834000000000e-08
66 130  4.3074900000000e-08
129 130  1.2873900000000e-08
130 130 -1.3207800000000e-07
131 130  4.6334100000000e-09
138 130  4.3787200000000e-08
194 130  2.7708500000000e-08
67 131  2.4361900000000e-09
130 131  4.6334100000000e-09
131 131 -1.0457800000000e-07
132 131  2.8717400000000e-08
139 131  5.1854200000000e-08
195 131  1.6936500000000e-08
68 132  3.0619000000000e-08
131 132  2.8717400000000e-08
132 132 -9.7939100000000e-08
133 132  2.5336200000000e-11
140 132  1.5284600000000e-12
196 132  3.8575700000000e-08
69 133  2.0131300000000e-08
132 133  2.5336200000000e-11
133 133 -1.1517700000000e-07
134 133  5.2042500000000e-08
141 133  1.6407300000000e-08
197 133  2.6570400000000e-08
70 134  1.7927400000000e-08
133 134  5.2042500000000e-08
134 134 -1.4813200000000e-07
135 134  2.3318600000000e-08
142 134  8.9636900000000e-09
198 134  4.5880000000000e-08
71 135  3.1903700000000e-09
134 135  2.3318600000000e-08
135 135 -9.7130200000000e-08
136 135  3.1335400000000e-08
143 135  2.2975300000000e-08
199 135  1.6310400000000e-08
72 136  8.6257200000000e-13
135 136  3.1335400000000e-08
136 136 -1.6298600000000e-07
144 136  1.0891000000000e-07
200 136  2.2740300000000e-08
73 137  3.2705600000000e-08
129 137  1.0600400000000e-10
137 137 -9.2649000000000e-08
138 137  1.7800900000000e-08
145 137  2.4602100000000e-08
201 137  1.7434400000000e-08
74 138  4.7695300000000e-08
130 138  4.3787200000000e-08
137 138  1.7800900000000e-08
138 138 -2.8351300000000e-07
139 138  1.3875600000000e-07
146 138  5.5893200000000e-09
202 138  2.9883900000000e-08
75 139  2.6143100000000e-08
131 139  5.1854200000000e-08
138 139  1.3875600000000e-07
139 139 -2.6986600000000e-07
140 139  2.0397200000000e-08
147 139  1.1837200000000e-08
203 139  2.0877600000000e-08
76 140  1.8725800000000e-08
132 140  1.5284600000000e-12
139 140  2.0397200000000e-08
140 140 -7.8688600000000e-08
141 140  1.4786300000000e-08
148 140  1.4616000000000e-08
204 140  1.0161800000000e-08
77 141  2.0258100000000e-08
133 141  1.6407300000000e-08
140 141  1.4786300000000e-08
141 141 -1.5202100000000e-07
142 141  5.8301600000000e-08
149 141  5.2169000000000e-10
205 141  4.1745600000000e-08
78 142  1.2051000000000e-08
134 142  8.9636900000000e-09
141 142  5.8301600000000e-08
142 142 -2.0788000000000e-07
143 142  1.0552000000000e-07
150 142  1.1524700000000e-08
206 142  1.1519400000000e-08
79 143  1.8767700000000e-08
135 143  2.2975300000000e-08
142 143  1.0552000000000e-07
143 143 -2.6166400000000e-07
144 143  5.9912700000000e-08
151 143  3.1728300000000e-08
207 143  2.2760100000000e-08
80 144  1.0676800000000e-08
136 144  1.0891000000000e-07
143 144  5.9912700000000e-08
144 144 -2.3048000000000e-07
152 144  3.1611200000000e-08
208 144  1.9369900000000e-08
81 145  2.6799600000000e-08
137 145  2.4602100000000e-08
145 145 -1.4756400000000e-07
146 145  2.6833500000000e-08
153 145  5.6176900000000e-08
209 145  1.3151500000000e-08
82 146  4.9675400000000e-13
138 146  5.5893200000000e-09
145 146  2.6833500000000e-08
146 146 -1.0113900000000e-07
147 146  3.6167500000000e-09
154 146  4.4487900000000e-08
210 146  2.0610900000000e-08
83 147  3.1531400000000e-08
139 147  1.1837200000000e-08
146 147  3.6167500000000e-09
147 147 -1.7410400000000e-07
148 147  3.8458300000000e-08
155 147  1.2362700000000e-08
211 147  7.6298200000000e-08
84 148  2.2717400000000e-08
140 148  1.4616000000000e-08
147 148  3.8458300000000e-08
148 148 -1.5602100000000e-07
149 148  1.1141500000000e-08
156 148  3.1832200000000e-08
212 148  3.7255400000000e-08
85 149  5.1063600000000e-08
141 149  5.2169000000000e-10
148 149  1.1141500000000e-08
149 149 -1.6048400000000e-07
150 149  6.0545900000000e-09
157 149  8.4858300000000e-08
213 149  6.8440900000000e-09
86 150  2.9034600000000e-08
142 150  1.1524700000000e-08
149 150  6.0545900000000e-09
150 150 -1.0425300000000e-07
151 150  2.0319800000000e-08
158 150  5.8786700000000e-09
214 150  3.1441100000000e-08
87 151  2.1174800000000e-08
143 151  3.1728300000000e-08
150 151  2.0319800000000e-08
151 151 -9.1632900000000e-08
152 151  2.5940200000000e-10
159 151  1.8150300000000e-08
215 151  3.4381800000000e-13
88 152  3.0224300000000e-08
144 152  3.1611200000000e-08
151 152  2.5940200000000e-10
152 152 -1.0690000000000e-07
160 152  3.9137000000000e-08
216 152  5.6682400000000e-09
89 153  4.6148600000000e-09
145 153  5.6176900000000e-08
153 153 -1.5705000000000e-07
154 153  4.2126500000000e-08
161 153  1.6582200000000e-08
217 153  3.7549700000000e-08
90 154  1.0190700000000e-08
146 154  4.4487900000000e-08
153 154  4.2126500000000e-08
154 154 -1.6512200000000e-07
155 154  1.7678000000000e-09
162 154  5.9116600000000e-08
218 154  7.4325200000000e-09
91 155  4.3164400000000e-08
147 155  1.2362700000000e-08
154 155  1.7678000000000e-09
155 155 -1.0405700000000e-07
156 155  2.9333700000000e-08
163 155  1.7421900000000e-08
219 155  6.7855600000000e-12
92 156  2.9252300000000e-08
148 156  3.1832200000000e-08
155 156  2.9333700000000e-08
156 156 -1.5136100000000e-07
157 156  2.6891100000000e-08
164 156  2.7784600000000e-08
220 156  6.2672600000000e-09
93 157  2.8052800000000e-08
149 157  8.4858300000000e-08
156 157  2.6891100000000e-08
157 157 -2.8177200000000e-07
158 157  4.5115700000000e-08
165 157  7.6535400000000e-08
221 157  2.0318700000000e-08
94 158  2.2316500000000e-08
150 158  5.8786700000000e-09
157 158  4.5115700000000e-08
158 158 -3.7429800000000e-07
159 158  3.0149200000000e-08
166 158  2.6559300000000e-07
222 158  5.2445900000000e-09
95 159  7.3610400000000e-11
151 159  1.8150300000000e-08
158 159  3.0149200000000e-08
159 159 -1.0233100000000e-07
160 159  4.0455500000000e-09
167 159  1.6451500000000e-08
223 159  3.3461000000000e-08
96 160  3.1209000000000e-08
152 160  3.9137000000000e-08
159 160  4.0455500000000e-09
160 160 -3.8600900000000e-07
168 160  4.3973500000000e-09
224 160  3.0722000000000e-07
97 161  4.4262600000000e-09
153 161  1.6582200000000e-08
161 161 -3.1313300000000e-07
162 161  5.4299600000000e-09
169 161  2.8532100000000e-07
225 161  1.3736900000000e-09
98 162  4.0552100000000e-09
154 162  5.9116600000000e-08
161 162  5.4299600000000e-09
162 162 -1.4190400000000e-07
163 162  3.4837800000000e-08
170 162  3.8464400000000e-08
226 162  2.1162300000000e-17
99 163  2.7843100000000e-08
155 163  1.7421900000000e-08
162 163  3.4837800000000e-08
163 163 -3.3333600000000e-07
164 163  2.1733100000000e-07
171 163  2.7747300000000e-08
227 163  8.1557400000000e-09
100 164  2.4147700000000e-08
156 164  2.7784600000000e-08
163 164  2.1733100000000e-07
164 164 -3.5487600000000e-07
165 164  1.7313400000000e-08
172 164  2.2621600000000e-08
228 164  4.5678500000000e-08
101 165  2.8756900000000e-08
157 165  7.6535400000000e-08
164 165  1.7313400000000e-08
165 165 -2.7295600000000e-07
166 165  2.7885900000000e-09
173 165  1.4543400000000e-07
229 165  2.1278100000000e-09
102 166  2.8860800000000e-08
158 166  2.6559300000000e-07
165 166  2.7885900000000e-09
166 166 -9.5982400000000e-07
167 166  6.1325200000000e-09
174 166  2.8305000000000e-07
230 166  3.7339900000000e-07
103 167  9.8139200000000e-09
159 167  1.6451500000000e-08
166 167  6.1325200000000e-09
167 167 -9.8329100000000e-08
168 167  9.8366000000000e-09
175 167  4.2754700000000e-08
231 167  1.3339900000000e-08
104 168  2.7990300000000e-09
160 168  4.3973500000000e-09
167 168  9.8366000000000e-09
168 168 -3.7653100000000e-08
176 168  2.0154600000000e-08
232 168  4.6555800000000e-10
105 169  1.9053800000000e-08
161 169  2.8532100000000e-07
169 169 -1.0259200000000e-06
170 169  1.5501500000000e-08
177 169  2.7838500000000e-07
233 169  4.2766200000000e-07
106 170  2.3166800000000e-08
162 170  3.8464400000000e-08
169 170  1.5501500000000e-08
170 170 -1.6594300000000e-07
171 170  3.7506700000000e-08
178 170  4.4373800000000e-08
234 170  6.9302200000000e-09
107 171  2.7254800000000e-08
163 171  2.7747300000000e-08
170 171  3.7506700000000e-08
171 171 -1.2988400000000e-07
172 171  2.9626500000000e-09
179 171  3.4399100000000e-08
235 171  1.3125700000000e-11
108 172  1.3272600000000e-08
164 172  2.2621600000000e-08
171 172  2.9626500000000e-09
172 172 -1.4251700000000e-07
173 172  4.1586400000000e-08
180 172  3.7318500000000e-08
236 172  2.4754800000000e-08
109 173  3.0263300000000e-08
165 173  1.4543400000000e-07
172 173  4.1586400000000e-08
173 173 -2.8370900000000e-07
174 173  1.6860500000000e-08
181 173  3.0345800000000e-08
237 173  1.9218300000000e-08
110 174  1.3697100000000e-10
166 174  2.8305000000000e-07
173 174  1.6860500000000e-08
174 174 -3.7581800000000e-07
175 174  4.9567100000000e-08
182 174  2.2717200000000e-08
238 174  3.4864700000000e-09
111 175  3.1616300000000e-08
167 175  4.2754700000000e-08
174 175  4.9567100000000e-08
175 175 -1.9964700000000e-07
176 175  4.8422200000000e-08
183 175  2.7218200000000e-08
239 175  6.8552400000000e-11
112 176  1.4966300000000e-07
168 176  2.0154600000000e-08
175 176  4.8422200000000e-08
176 176 -2.3548300000000e-07
184 176  1.3468700000000e-10
240 176  1.7108800000000e-08
113 177  5.3390000000000e-08
169 177  2.7838500000000e-07
177 177 -4.1520500000000e-07
178 177  2.0993900000000e-08
185 177  3.1224400000000e-08
241 177  3.1211300000000e-08
114 178  4.8847500000000e-09
170 178  4.4373800000000e-08
177 178  2.0993900000000e-08
178 178 -5.6486700000000e-07
179 178  3.1557100000000e-08
186 178  4.4720700000000e-07
242 178  1.5850200000000e-08
115 179  2.2692200000000e-08
171 179  3.4399100000000e-08
178 179  3.1557100000000e-08
179 179 -1.2228700000000e-07
180 179  1.3200900000000e-11
187 179  1.6233600000000e-08
243 179  1.7391700000000e-08
116 180  3.4362700000000e-08
172 180  3.7318500000000e-08
179 180  1.3200900000000e-11
180 180 -1.2854100000000e-07
181 180  4.3071000000000e-09
188 180  8.6724500000000e-09
244 180  4.3867100000000e-08
117 181  2.4751200000000e-08
173 181  3.0345800000000e-08
180 181  4.3071000000000e-09
181 181 -1.5999500000000e-07
182 181  1.1423200000000e-08
189 181  4.5154200000000e-08
245 181  4.4013500000000e-08
118 182  2.7638600000000e-08
174 182  2.2717200000000e-08
181 182  1.1423200000000e-08
182 182 -1.0314600000000e-07
183 182  4.5119700000000e-11
190 182  3.3431900000000e-08
246 182  7.8900200000000e-09
119 183  1.2415100000000e-10
175 183  2.7218200000000e-08
182 183  4.5119700000000e-11
183 183 -8.6117400000000e-08
184 183  8.1555200000000e-11
191 183  3.0267200000000e-08
247 183  2.8381300000000e-08
120 184  1.4663300000000e-08
176 184  1.3468700000000e-10
183 184  8.1555200000000e-11
184 184 -1.8192800000000e-08
192 184  2.7531200000000e-09
248 184  5.6018400000000e-10
121 185  2.8391700000000e-08
177 185  3.1224400000000e-08
185 185 -5.9617900000000e-08
186 185  1.7406100000000e-12
249 185  3.5805400000000e-14
122 186  3.5066800000000e-08
178 186  4.4720700000000e-07
185 186  1.7406100000000e-12
186 186 -4.9595300000000e-07
187 186  4.5557700000000e-09
250 186  9.1214100000000e-09
123 187  1.6740300000000e-08
179 187  1.6233600000000e-08
186 187  4.5557700000000e-09
187 187 -5.1873900000000e-08
188 187  1.3764000000000e-08
251 187  5.8027500000000e-10
124 188  2.6048000000000e-08
180 188  8.6724500000000e-09
187 188  1.3764000000000e-08
188 188 -6.8434300000000e-08
189 188  1.9948100000000e-08
252 188  1.7514200000000e-12
125 189  1.7349000000000e-08
181 189  4.5154200000000e-08
188 189  1.9948100000000e-08
189 189 -1.2349400000000e-07
190 189  1.1612800000000e-12
253 189  4.1041600000000e-08
126 190  1.4148500000000e-12
182 190  3.3431900000000e-08
189 190  1.1612800000000e-12
190 190 -8.2330800000000e-08
191 190  3.7829500000000e-08
254 190  1.1066800000000e-08
127 191  4.6039000000000e-08
183 191  3.0267200000000e-08
190 191  3.7829500000000e-08
191 191 -1.4859900000000e-07
192 191  4.3421800000000e-09
255 191  3.0121300000000e-08
128 192  1.7674000000000e-08
184 192  2.7531200000000e-09
191 192  4.3421800000000e-09
192 192 -2.4769300000000e-08
256 192  1.4839300000000e-14
129 193  1.0834000000000e-08
193 193 -9.6831000000000e-08
194 193  5.7520300000000e-08
201 193  7.1575600000000e-11
257 193  2.8405100000000e-08
130 194  2.7708500000000e-08
193 194  5.7520300000000e-08
194 194 -1.3553000000000e-07
195 194  1.9367100000000e-08
202 194  1.0235000000000e-08
258 194  2.0698700000000e-08
131 195  1.6936500000000e-08
194 195  1.9367100000000e-08
195 195 -6.7341300000000e-08
196 195  7.6869400000000e-14
203 195  1.3719200000000e-08
259 195  1.7318400000000e-08
132 196  3.8575700000000e-08
195 196  7.6869400000000e-14
196 196 -7.4487400000000e-08
197 196  6.6737300000000e-10
204 196  7.8624100000000e-09
260 196  2.7381800000000e-08
133 197  2.6570400000000e-08
196 197  6.6737300000000e-10
197 197 -6.8806500000000e-08
198 197  6.6243100000000e-09
205 197  1.1514200000000e-08
261 197  2.3430200000000e-08
134 198  4.5880000000000e-08
197 198  6.6243100000000e-09
198 198 -1.0096500000000e-07
199 198  1.6918900000000e-08
206 198  2.3704200000000e-08
262 198  7.8373900000000e-09
135 199  1.6310400000000e-08
198 199  1.6918900000000e-08
199 199 -8.8443600000000e-08
200 199  9.9233000000000e-12
207 199  2.7619400000000e-08
263 199  2.7585000000000e-08
136 200  2.2740300000000e-08
199 200  9.9233000000000e-12
200 200 -5.8652700000000e-08
208 200  1.8246500000000e-08
264 200  1.7656000000000e-08
137 201  1.7434400000000e-08
193 201  7.1575600000000e-11
201 201 -5.0136400000000e-08
202 201  1.1542400000000e-08
209 201  1.0166800000000e-09
265 201  2.0071300000000e-08
138 202  2.9883900000000e-08
194 202  1.0235000000000e-08
201 202  1.1542400000000e-08
202 202 -2.6845100000000e-07
203 202  1.7685700000000e-08
210 202  3.3861600000000e-09
266 202  1.9571700000000e-07
139 203  2.0877600000000e-08
195 203  1.3719200000000e-08
202 203  1.7685700000000e-08
203 203 -1.0587400000000e-07
204 203  7.3878900000000e-09
211 203  1.6349300000000e-08
267 203  2.9854400000000e-08
140 204  1.0161800000000e-08
196 204  7.8624100000000e-09
203 204  7.3878900000000e-09
204 204 -4.9496900000000e-07
205 204  4.0166800000000e-07
212 204  1.1090100000000e-08
268 204  5.6799000000000e-08
141 205  4.1745600000000e-08
197 205  1.1514200000000e-08
204 205  4.0166800000000e-07
205 205 -4.9013900000000e-07
206 205  5.4425100000000e-13
213 205  2.9953000000000e-08
269 205  5.2569500000000e-09
142 206  1.1519400000000e-08
198 206  2.3704200000000e-08
205 206  5.4425100000000e-13
206 206 -9.4971900000000e-08
207 206  1.2829300000000e-08
214 206  3.1489400000000e-11
270 206  4.6887000000000e-08
143 207  2.2760100000000e-08
199 207  2.7619400000000e-08
206 207  1.2829300000000e-08
207 207 -7.5640300000000e-08
208 207  4.8646700000000e-11
215 207  1.1503400000000e-11
271 207  1.2371400000000e-08
144 208  1.9369900000000e-08
200 208  1.8246500000000e-08
207 208  4.8646700000000e-11
208 208 -6.7990600000000e-08
216 208  3.0325500000000e-08
272 208  1.3134400000000e-14
145 209  1.3151500000000e-08
201 209  1.0166800000000e-09
209 209 -6.6043300000000e-08
210 209  2.6414100000000e-08
217 209  3.4555200000000e-15
273 209  2.5461000000000e-08
146 210  2.0610900000000e-08
202 210  3.3861600000000e-09
209 210  2.6414100000000e-08
210 210 -1.2825000000000e-07
211 210  8.1119000000000e-09
218 210  4.4196700000000e-08
274 210  2.5530700000000e-08
147 211  7.6298200000000e-08
203 211  1.6349300000000e-08
210 211  8.1119000000000e-09
211 211 -1.5950600000000e-07
212 211  1.9895800000000e-08
219 211  1.1872600000000e-08
275 211  2.6977900000000e-08
148 212  3.7255400000000e-08
204 212  1.1090100000000e-08
211 212  1.9895800000000e-08
212 212 -1.3404900000000e-07
213 212  9.0943000000000e-09
220 212  1.5994500000000e-14
276 212  5.6713200000000e-08
149 213  6.8440900000000e-09
205 213  2.9953000000000e-08
212 213  9.0943000000000e-09
213 213 -8.3882900000000e-08
214 213  1.7962600000000e-08
221 213  2.1071900000000e-09
277 213  1.7921800000000e-08
150 214  3.1441100000000e-08
206 214  3.1489400000000e-11
213 214  1.7962600000000e-08
214 214 -1.0725000000000e-07
215 214  1.3839400000000e-08
222 214  4.2139200000000e-08
278 214  1.8360300000000e-09
151 215  3.4381800000000e-13
207 215  1.1503400000000e-11
214 215  1.3839400000000e-08
215 215 -8.7405900000000e-08
216 215  1.5613300000000e-08
223 215  2.8943000000000e-08
279 215  2.8998300000000e-08
152 216  5.6682400000000e-09
208 216  3.0325500000000e-08
215 216  1.5613300000000e-08
216 216 -1.0480800000000e-07
224 216  2.3236300000000e-08
280 216  2.9964700000000e-08
153 217  3.7549700000000e-08
209 217  3.4555200000000e-15
217 217 -1.2691300000000e-07
218 217  3.3183700000000e-08
225 217  2.4863600000000e-08
281 217  3.1316000000000e-08
154 218  7.4325200000000e-09
210 218  4.4196700000000e-08
217 218  3.3183700000000e-08
218 218 -1.5597200000000e-07
219 218  4.2526200000000e-08
226 218  1.6254300000000e-08
282 218  1.2378800000000e-08
155 219  6.7855600000000e-12
211 219  1.1872600000000e-08
218 219  4.2526200000000e-08
219 219 -1.1104800000000e-07
220 219  3.1051300000000e-08
227 219  2.5590400000000e-08
283 219  3.5804500000000e-13
156 220  6.2672600000000e-09
212 220  1.5994500000000e-14
219 220  3.1051300000000e-08
220 220 -1.2355500000000e-07
221 220  4.3126600000000e-08
228 220  1.7402600000000e-08
284 220  2.5707400000000e-08
157 221  2.0318700000000e-08
213 221  2.1071900000000e-09
220 221  4.3126600000000e-08
221 221 -1.7317500000000e-07
222 221  4.4044200000000e-08
229 221  3.9902300000000e-08
285 221  2.3675600000000e-08
158 222  5.2445900000000e-09
214 222  4.2139200000000e-08
221 222  4.4044200000000e-08
222 222 -1.7189400000000e-07
223 222  1.9994800000000e-08
230 222  2.2367900000000e-08
286 222  3.8103100000000e-08
159 223  3.3461000000000e-08
215 223  2.8943000000000e-08
222 223  1.9994800000000e-08
223 223 -1.3885800000000e-07
224 223  2.1251200000000e-08
231 223  8.8483600000000e-10
287 223  3.4323300000000e-08
160 224  3.0722000000000e-07
216 224  2.3236300000000e-08
223 224  2.1251200000000e-08
224 224 -3.6319500000000e-07
232 224  1.1486700000000e-08
288 224  1.5342000000000e-16
161 225  1.3736900000000e-09
217 225  2.4863600000000e-08
225 225 -7.4720000000000e-08
226 225  1.9731900000000e-08
233 225  2.7028100000000e-11
289 225  2.8723800000000e-08
162 226  2.1162300000000e-17
218 226  1.6254300000000e-08
225 226  1.9731900000000e-08
226 226 -1.9759400000000e-07
227 226  1.0733200000000e-08
234 226  1.0754200000000e-07
290 226  4.3332800000000e-08
163 227  8.1557400000000e-09
219 227  2.5590400000000e-08
226 227  1.0733200000000e-08
227 227 -8.9875100000000e-08
228 227  1.0848600000000e-10
235 227  4.8681000000000e-09
291 227  4.0419200000000e-08
164 228  4.5678500000000e-08
220 228  1.7402600000000e-08
227 228  1.0848600000000e-10
228 228 -1.4453900000000e-07
229 228  4.2536200000000e-08
236 228  2.8825000000000e-08
292 228  9.9886200000000e-09
165 229  2.1278100000000e-09
221 229  3.9902300000000e-08
228 229  4.2536200000000e-08
229 229 -1.9212700000000e-07
230 229  4.1974800000000e-08
237 229  4.5309400000000e-08
293 229  2.0276200000000e-08
166 230  3.7339900000000e-07
222 230  2.2367900000000e-08
229 230  4.1974800000000e-08
230 230 -4.9920300000000e-07
231 230  3.1170200000000e-08
238 230  1.2317500000000e-08
294 230  1.7973800000000e-08
167 231  1.3339900000000e-08
223 231  8.8483600000000e-10
230 231  3.1170200000000e-08
231 231 -1.1107600000000e-07
232 231  5.2805000000000e-09
239 231  4.3208500000000e-08
295 231  1.7192000000000e-08
168 232  4.6555800000000e-10
224 232  1.1486700000000e-08
231 232  5.2805000000000e-09
232 232 -6.6026900000000e-08
240 232  3.8129800000000e-08
296 232  1.0664400000000e-08
169 233  4.2766200000000e-07
225 233  2.7028100000000e-11
233 233 -4.8201300000000e-07
234 233  2.1603000000000e-08
241 233  2.7283800000000e-08
297 233  5.4374800000000e-09
170 234  6.9302200000000e-09
226 234  1.0754200000000e-07
233 234  2.1603000000000e-08
234 234 -1.8246900000000e-07
235 234  2.8629600000000e-08
242 234  1.1827500000000e-09
298 234  1.6581100000000e-08
171 235  1.3125700000000e-11
227 235  4.8681000000000e-09
234 235  2.8629600000000e-08
235 235 -5.6016500000000e-08
236 235  5.5002900000000e-09
243 235  1.7005200000000e-08
299 235  1.5671400000000e-13
172 236  2.4754800000000e-08
228 236  2.8825000000000e-08
235 236  5.5002900000000e-09
236 236 -1.5231000000000e-07
237 236  1.0684000000000e-08
244 236  3.1592500000000e-08
300 236  5.0953700000000e-08
173 237  1.9218300000000e-08
229 237  4.5309400000000e-08
236 237  1.0684000000000e-08
237 237 -1.4157600000000e-07
238 237  1.8691600000000e-08
245 237  2.7969800000000e-08
301 237  1.9702600000000e-08
174 238  3.4864700000000e-09
230 238  1.2317500000000e-08
237 238  1.8691600000000e-08
238 238 -7.9507200000000e-08
239 238  4.5011600000000e-08
246 238  1.4392400000000e-18
302 238  9.4324000000000e-14
175 239  6.8552400000000e-11
231 239  4.3208500000000e-08
238 239  4.5011600000000e-08
239 239 -1.2381700000000e-07
240 239  1.3498000000000e-12
247 239  2.8240100000000e-08
303 239  7.2866600000000e-09
176 240  1.7108800000000e-08
232 240  3.8129800000000e-08
239 240  1.3498000000000e-12
240 240 -5.5240800000000e-08
248 240  9.0189300000000e-13
304 240  4.0936200000000e-14
177 241  3.1211300000000e-08
233 241  2.7283800000000e-08
241 241 -1.6579900000000e-07
242 241  6.1667600000000e-08
249 241  8.9653000000000e-11
305 241  4.5547000000000e-08
178 242  1.5850200000000e-08
234 242  1.1827500000000e-09
241 242  6.1667600000000e-08
242 242 -1.2380400000000e-07
243 242  1.9360500000000e-08
250 242  1.0612200000000e-08
306 242  1.5131000000000e-08
179 243  1.7391700000000e-08
235 243  1.7005200000000e-08
242 243  1.9360500000000e-08
243 243 -9.0481700000000e-08
244 243  2.2044700000000e-09
251 243  2.7044400000000e-08
307 243  7.4753700000000e-09
180 244  4.3867100000000e-08
236 244  3.1592500000000e-08
243 244  2.2044700000000e-09
244 244 -1.3788800000000e-07
245 244  1.8130700000000e-08
252 244  1.0468800000000e-08
308 244  3.1624200000000e-08
181 245  4.4013500000000e-08
237 245  2.7969800000000e-08
244 245  1.8130700000000e-08
245 245 -1.5686600000000e-07
246 245  1.6992300000000e-08
253 245  3.8312000000000e-08
309 245  1.1447900000000e-08
182 246  7.8900200000000e-09
238 246  1.4392400000000e-18
245 246  1.6992300000000e-08
246 246 -3.6392600000000e-07
247 246  7.4318800000000e-09
254 246  4.5832500000000e-08
310 246  2.8577900000000e-07
183 247  2.8381300000000e-08
239 247  2.8240100000000e-08
246 247  7.4318800000000e-09
247 247 -1.2141200000000e-07
248 247  2.7079900000000e-08
255 247  2.6163100000000e-09
311 247  2.7662100000000e-08
184 248  5.6018400000000e-10
240 248  9.0189300000000e-13
247 248  2.7079900000000e-08
248 248 -5.9566500000000e-08
256 248  2.7374300000000e-08
312 248  4.5512300000000e-09
185 249  3.5805400000000e-14
241 249  8.9653000000000e-11
249 249 -5.8865300000000e-08
250 249  2.4910400000000e-08
313 249  3.3865200000000e-08
186 250  9.1214100000000e-09
242 250  1.0612200000000e-08
249 250  2.4910400000000e-08
250 250 -5.1469100000000e-08
251 250  2.6569700000000e-09
314 250  4.1681400000000e-09
187 251  5.8027500000000e-10
243 251  2.7044400000000e-08
250 251  2.6569700000000e-09
251 251 -7.3276200000000e-08
252 251  1.5929100000000e-08
315 251  2.7065400000000e-08
188 252  1.7514200000000e-12
244 252  1.0468800000000e-08
251 252  1.5929100000000e-08
252 252 -2.6915300000000e-08
253 252  3.3924700000000e-14
316 252  5.1568900000000e-10
189 253  4.1041600000000e-08
245 253  3.8312000000000e-08
252 253  3.3924700000000e-14
253 253 -2.8830900000000e-07
254 253  2.2680800000000e-12
317 253  2.0895300000000e-07
190 254  1.1066800000000e-08
246 254  4.5832500000000e-08
253 254  2.2680800000000e-12
254 254 -8.7453600000000e-08
255 254  6.6773900000000e-09
318 254  2.3874600000000e-08
191 255  3.0121300000000e-08
247 255  2.6163100000000e-09
254 255  6.6773900000000e-09
255 255 -8.7100800000000e-08
256 255  1.9912900000000e-08
319 255  2.7773000000000e-08
192 256  1.4839300000000e-14
248 256  2.7374300000000e-08
255 256  1.9912900000000e-08
256 256 -7.1167600000000e-08
320 256  2.3880300000000e-08
193 257  2.8405100000000e-08
257 257 -1.0326100000000e-07
258 257  3.2179700000000e-08
265 257  2.1771100000000e-08
321 257  2.0904900000000e-08
194 258  2.0698700000000e-08
257 258  3.2179700000000e-08
258 258 -1.0471500000000e-07
259 258  4.4802000000000e-08
266 258  7.0211900000000e-09
322 258  1.2980400000000e-11
195 259  1.7318400000000e-08
258 259  4.4802000000000e-08
259 259 -9.4088900000000e-08
260 259  6.9753900000000e-14
267 259  1.2036800000000e-08
323 259  1.9931500000000e-08
196 260  2.7381800000000e-08
259 260  6.9753900000000e-14
260 260 -6.4244500000000e-08
261 260  2.3288200000000e-09
268 260  3.1288500000000e-08
324 260  3.2453400000000e-09
197 261  2.3430200000000e-08
260 261  2.3288200000000e-09
261 261 -8.7699800000000e-08
262 261  2.4981900000000e-08
269 261  9.7361400000000e-09
325 261  2.7222800000000e-08
198 262  7.8373900000000e-09
261 262  2.4981900000000e-08
262 262 -7.0598400000000e-08
263 262  1.0171700000000e-08
270 262  2.5435100000000e-08
326 262  2.1723800000000e-09
199 263  2.7585000000000e-08
262 263  1.0171700000000e-08
263 263 -1.0761500000000e-07
264 263  1.8811600000000e-08
271 263  2.3243100000000e-08
327 263  2.7803700000000e-08
200 264  1.7656000000000e-08
